0, -1.5832 0.80536 0.;
1, -1.161 0.80536 0.;
2, -0.738543 0.80536 0.;
3, -0.316466 0.80536 0.;
4, 0.106 0.80536 0.;
5, 0.528 0.80536 0.;
6, 0.9504 0.80536 0.;
7, 1.371235 0.80536 0.;
8, -1.5832 0.383 0.;
9, -1.161 0.383 0.;
10, -0.738543 0.383 0.;
11, -0.316466 0.383 0.;
12, 0.106 0.383 0.;
13, 0.528 0.383 0.;
14, 1.371235 0.383 0.;
15, -1.5832 -.039 0.;
16, -1.161 -.039 0.;
17, -0.738543 -.039 0.;
18, -0.316466 -.039 0.;
19, 0.106 -.039 0.;
20, 0.528 -.039 0.;
21, 1.371235 -.039 0.;
22, -1.5832 -.46108 0.;
23, -1.161 -.46108 0.;
24, -0.738543 -.46108 0.;
25, -0.316466 -.46108 0.;
26, 0.106 -.46108 0.;
27, 0.528 -.46108 0.;
28, 1.371235 -.46108 0.;